111111111111111111111111111111111111111111111111111111111111111111111111111111111111111111111111111111111111111111111111
111111111111111111111111111111111111111111111111111111111111111111111111111111111111111111111111111111111111111111111111
111111111111111111111111113333333333333333333333111111111111111111111111111111111111111111111111111111111111111111111111
111111111111111111111111113111111111111111111113111111111111111111111111111111111111111111111111111111111111111111111111
111111111111111111111111113111555555555555551113111211111111111111111111111111111111111111111111111111111111111111111111
111111111111111111111111113111566666666666651113111111111111111111111111111111111111111111111111111111111111111111111111
111111111111111111111111113111566666666666651113111111111111111111111111111111111111111111111111111111111111111111111111
111111111111111111111111113111566666666666651113111111111111111111111111111111111111111111111333333333333333333333333111
111111111111111111111111113111566666666666651113111111111111111111111111111112211111111111111311111111111111111111213111
111111112111111111111111113111555554755555551113111111111111111111111111111112211111111111111311155555555555555555113111
111111111111111111111111111111111111111111111111111111111111111111111111111111111111111111111311156666666666666665113111
111111111111111111111111111111111111111111111111111111111111111111111111111111111111111111111311156666666666666665113111
111111111111111111111111111111111122111111111111111111111121111111111111111111111111111111111311156666666666666665113111
111111111111111111111111111111111122111111111111111111111111111111111111111111111111111111111311156666666666666665113111
111111111111111111111111111111111111111111111111111111111111111111111111111111111111111111111311156666666666666665113111
111111111111111111111111111111111111111111211111111111111111111111111111111111111111111111111311155555555475555555113111
111111111111111111111111111111111111111111111111111111111111111111111111111111111111111111111111111111111111111111111111
111111111111111111111111111111111111111111111111111111111111111111111111111111111111111111111111111111111111111111111111
111111111111111111111111111111111111111111111111111111111111111111111111112111111111111111111111111111111111111111111111
111111111111111111111111111111111111111111111111111111111111111111111111111111111111111111111111111111111111111111111111
111111111111111111111111111111111111111111111111111111111111111111111111111111111111111111111111111111111111111111111111
111111111111111111111111111111111111111111111111111111111111111111111111111111111111111111111111111211111111111111111111
111111111111111111111111111111111111111111111121111111111111111111111111111111111111111111111111111111111111111111111111
111111111111111111111111111111111111111111111111111111111111111111111111111111111111111111111111111111111111111111111111
111111111111111111111111111111111111111111111111111111111111111111111111111111111111111111111112111111111111111111111111
111111111111111111111111111111111111111111111111112211111111111111111111111111111111111111111111111111111111111111111111
111111111111111111111111111111111111111111111111112211111111111111111111111111111111111111111111111111111111111111111111
111111111111111111111111111111111111111111111111111111111111111111111111111111111111111111111111111111111111111111111111
111111111111111111111111111111111111111111111111111111111111111111111111111111111111111111111111111111111111111111111111
111111111211111111111111111111111111111111111111111111111111111111111111111111111111111111111111111111111111111111111111
111111111111111111111111111111111111111111111111111111111111111111111111111111111111111111111111111111111111111111111111
111111111111111111111111111111111111111111111111111111111111111111111111111111111111111111111111111111111111111111111111
111113333333333333333331111111111111111111111111111111111111111111111111111111111111111111111111111111111111111111111111
111113333333333333333331111111111111111111111111111111111111211111111111111111111111111111111111111111111111111111111111
111113333333333333333331111111111111111111111111111111111111111111111111111111111111111111111111122111111111111111111111
111113333333333333333331111111211111111111111111111111111111111111111111111111111111111111111111122111111111111111111111
111111111111111111111111111111111111111111111111111111111111111111111111111111111111111111111111111111111111111111111111
111111111111111111111111111111111111111111111111111111111111111111111111111111111111111111111111111111111111111111111111
111111111111111111111111111111111111111111111111111111111111111111111111111111111111111111111111111111111111111112111111
111111111111111111121111122211111111111111111111111111111111111111111111111111111111111111111111111111111111111111111111
111111111111111111121111111111111111111111111111111111111111111111211111111111111111111111111111111111111111111111111111
111111111111111111111111111111111111111111111111111111111111111111111111111111111111111111111111111111111111111111111111
111111111111111111111111111111111111111111111111111111111111111111111111111111111111111111111111111111111111111111111111
111111111111111111111111111111111111111111111111111111111111111111111111111111111111111111111111111111111111111111111111
111111111111111111111111111111111111111111111111111111111111111111111111111111111111111111111111111111111111111111111111
111111111111111111111111111111111111111111111111111111111122111111111111111111111111211111111111111111111111111111111111
111111111111111111111111111111111111111111111111111111111111111111111111111111111111111111111111111111111111111111111111
111111111111111111111111111111111111111111111111111111111111111111111111111111111111111111111111111111111111111111111111
111111111111111111111111112211111111111111111111111111111111111111111111111111111111111111111111111111111111111111111111
111111111111111111111111112211111111111111111111111111111111111111111113333333333333333331111111111111111111111111111111
111111111111111111111111111111111111111111111111111111111111111111111113333333333333333331111111111111111111111111111111
111111111111111111111111111111111111111111111111111111111111121111111113333333333333333331111111111111111111111111111111
111111111111111111111111111111111111111111111111111111111111111111111113333333333333333331111111111111111111111111111111
111111111111111111111111111111111111111111111111111111111111111111111113333333333333333331111111111111111111111111111111
111111111111155555555555555555511111111111111111111111111111111111111113333333333333333331111111111111111111211111111111
111111111111156666666666666666511111111111111111111111111111111111111111111111111111111111111111111111111111111111111111
111111111111156666666666666666511111111111111111111111111111111111111111111111111111111111111111111111111111111111111111
111111111111156666666666666666511111111111111111111111111111111111111111111111111111111111111111111111111111111111111111
111111121111156666666666666666511112111111111111111111111111111111111111111111111111111111111111111111111111111111111111
111111111111156666666666666666511111111111111111111111111111111111111111111111111111111111111111111111111111111111111111
111111111111156666666666666666511111111111111111111111111111111111111111111111111111111111111111111111111111111111111111
111111111111156666666666666666511111111111111111111111111111111111111111111111111111111111111111111111111111111111111111
111111111111155555554755555555511111111111111111111111111111111111111111111111111111111111111111111111111111111111111111
111111111111111111111111111111111111111111111111111111111111111111111111111112111111111111111111111112211111111111111111
111111111111111111111111111111111111111111111111111111111111111111111111111111111111111111111111111112211111111111111111
111111111111111111111111111111111111111111111111111111111111111111111111111111111111111111111111111111111111111111111111
111111111111111111111111111111111111111111111111111111111111111111111111111111111111111111111111111111111111111111111111
111111111111111111111111111111111111111111111111111111111111111111111111111111111111111111111111111111111111111111111111
111111111111111111111111111111111111111111111111111111111111111111111111111111111111111111111111111111111111111111111111
111111111111111111111111111111111111111111111111111111111111111111111111111111111111111111111111111111111111111111111111
111111111111111111111111111111111111111111111111111111111111111111111111111111111111111111111111111111111111111111111111
111111111111111111111111111111111111111111111111111111111111111111111111111111111111111111111111111111111111111111111111

